211220010
111202201
112221121
012012000
112211020
121022011
210120120
211221001
122221101
120120010
212112021
221211000
221012010
120210100
121122211
221112010
122011020
211122210
111210220
120120000
121012020
212121001
122102101
120100000
122012011
212111200
211020010
021021012
122211120
211211122
211212021
212110020
112221210
211121200
021011022
212122111
021012021
211102201
221100100
212112120
112121002
121221210
211222101
121221112
121211212
112122001
212211001
221211001
112021012
121221012
211121022
120100200
121102102
122112211
211021020
121012002
120210210
120210000
221121102
112122210
210100000
211021000
212010000
211112212
122121012
122201101
012011022
212211120
211212001
212101002
211221010
221101002
112121020
211200100
211112002
121121200
012012021
212100000
122112100
122210110
121122210
221021011
221201100
112212120
112222101
121211122
101202001
122121100
102102001
221121210
121100200
211221121
221111020
210120010
112020000
121120210
112102000
211211002
121122010
212101102
122211102
211122201
211210020
221102001
121201201
211120000
111102202
211211202
021012001
021002001
121120020
112112022
120210010
122121000
211200000
121120000
221211210
221210010
211012000
221121000
121020010
221101200
011022001
221101201
122112000
211112221
110210200
212221011
201100200
221212111
121211220
122021011
221120110
221122110
212121201
212211102
212221101
112020010
121210020
201101202
112222110
012010020
121222101
112221021
112221100
122211010
121210200
122100100
111012022
012011020
110220000
121212012
212112102
221110000
201001000
211012012
122101201
211221120
101202100
011020020
212121012
102102201
112200000
122221111
211202100
121211020
121212000
211121221
201201001
122112010
211102200
211201002
211021021
212211100
102201001
121001002
112210210
112201201
001002000
112002000
110020020
121122012
201102201
212210110
211122001
122112001
112122121
221121001
021000000
210020010
210000000
121202100
101102202
121112200
112122100
021011002
210210010
112122010
101002000
121220110
100000000
122110000
211201102
221001001
212120110
011022010
212121210
221112001
021012012
212021011
212211121
211022001
221112000
112121220
122211210
112000000
112221120
112201200
122101000
201101200
112201000
211022010
201201100
221101102
211101202
212121102
221120100
011012002
211210200
212120100
112101202
212121000
201101002
121000000
212110000
121221010
201102001
121202101
012011002
011002000
121112020
211112122
201201102
120120100
221001000
122211000
122212110
201100000
212101201
121222011
010020010
221012001
110020000
121021020
221112112
211122000
101200200
211220110
102101202
201102102
122221011
011021022
112012020
121102200
221110200
210210000
211112220
112212102
121011022
112021000
211222110
211121202
101200000
211021002
122010010
112212010
121112212
211221012
212112211
012021012
102100000
011021020
111220120
102001002
121021002
012021010
221102100
121121022
112212001
211022011
112211220
102201000
121211221
221102101
221111002
221211112
211121020
121112002
211010020
012021000
112210000
112122012
112120120
121121212
221121120
112211221
121212210
221211012
021021010
211000000
112012000
112011022
021021000
112122021
122121021
211122120
111120220
120200100
110220120
121212211
010000000
122121201
210210120
122121112
121122100
111021022
122210100
210120100
201000000
212211010
211222011
112112200
211120200
211120020
112122201
122201100
122011002
211201000
211122021
101202102
101201202
112212000
212121021
121221211
102001000
221110020
102101002
122012010
112102002
112202100
122101200
021001000
210210100
201002001
112012002
212110200
100200100
212120010
112221201
121102002
211102000
121112022
112100200
211211220
211122100
211202001
112202001
122121010
112010020
212122101
122010000
212221111
211102102
112022010
210010020
122100000
212011002
122011021
211100200
121221001
112212121
121202001
121022010
110220100
112211002
122111020
102200100
121221102
211210000
212101000
221111200
212211201
201102100
112220100
122211121
121021012
112211122
121212112
121212001
210120210
102201100
212101200
211212121
221011021
211020000
121010020
112112220
102102000
212011021
021010020
211221210
212110210
212011000
121201102
212112001
121221100
211211020
212012011
211012021
211122102
111020020
122011012
111202000
121200000
111220210
211121220
112211202
112210120
212211112
121112202
221012011
212011020
121112122
102201102
121201200
111220000
112221112
112210200
112221012
021012010
120110020
211210120
210100200
221122111
212112121
121122001
221211100
121012021
211212010
121211200
210110220
121122021
212111002
211212100
121210120
122121001
110200000
122211012
221112210
021010000
212112201
112120020
102100200
112220010
212111020
221112121
211122211
120210120
011002002
211122121
121122000
212211021
221121100
212102100
112102201
021001002
122112210
122112012
221211010
211120210
221212011
120120210
110120020
122102001
212012001
121220010
121221120
122211112
112222011
012001002
112002001
101202201
011022000
212121010
211202101
112202101
121210210
121112221
012001000
112201002
122021001
212210100
012021021
121122201
011012022
212122110
111202102
121211002
121210000
122101102
112022001
102201201
021011020
120110220
221121012
221112021
121201002
121012012
120010020
110220010
112102200
112021002
121102201
112121022
221100000
221010010
112211212
121201000
100200000
201102000
221110120
011022021
210120000
112112202
211221000
210010000
121211022
112211200
011022012
112122000
122110120
121121202
122211211
121212100
221010000
111002002
111200200
212112000
112221000
012012001
111022012
001000000
121021000
112022011
122101002
012020010
212121121
212001000
112210020
112012021
211112020
211122012
212121120
211112022
221011002
112112020
102102100
102000000
211122010
121112220
211112200
122210010
121121002
112021020
121120200
221201101
121102000
121122112
121022001
221121211
110210220
212100100
101002002
110200200
211212201
101202000
112112221
112200100
201201000
101102002
112211022
122211100
120010000
221112100
211221102
212001001
112120200
211211022
221011020
221011012
122110210
211201200
012021001
122211001
221122101
112201102
010020000
122201001
211002000
221011000
122212111
112001002
121002001
212201101
112221001
211112202
212121100
212021010
211212000
211221100
221112012
122120110
111022021
221101000
102101200
121222110
122111002
221021010
211002001
012010000
012012010
122110020
122011000
122001000
120110200
212201001
221210110
121121220
021012000
112221010
101201200
122121210
112121122
121200100
211120120
212102101
211012002
112121202
212011012
211102002
212021001
021021001
121212010
221110210
112120000
121211202
212010010
122111200
210110020
211110220
212112100
112220110
120000000
121020000
221121010
212110120
111201202
201001002
212211000
211001002
121002000
121221000
112021021
012000000
001002001
122001001
211012020
111022000
221112211
121110220
110220210
121012000
122110200
122120010
112212100
211220100
221112201
212112010
112221102
011020000
121220100
110120220
210110200
