3
9
11
14
15
16
21
38
44
68
96
98
102
104
125
149
165
174
176
178
203
254
258
260
264
266
287
293
308
311
341
347
395
401
419
420
421
426
449
455
473
495
496
498
500
502
524
527
529
550
553
581
582
583
588
611
635
637
660
661
689
691
773
797
935
959
1037
1043
1124
1130
1178
1202
1253
1259
1283
1340
1364
1418
1420
1496
1499
1583
1607
1661
1739
1745
1769
1826
1904
1985
1987
2066
2068
2285
2291
2339
2352
2363
2365
2370
2417
2582
2588
2607
2609
2613
2615
2636
2642
2660
2769
2771
2775
2798
2822
2824
2847
2849
2851
2876
2878
3068
3122
3146
3608
3632
3770
3848
4040
4094
4118
4256
4334
4336
4470
4471
4476
4477
4499
4523
4548
4549
4577
4713
4715
4719
4721
4742
4748
4766
4791
4793
4795
4820
4955
4957
4982
4984
5228
5252
5306
5504
5552
5576
5792
6224
6278
6440
6442
6821
6827
6869
6881
6956
6962
6981
6987
6989
7010
7016
7034
7056
7058
7061
7062
7063
7085
7091
7111
7115
7117
7143
7145
7149
7151
7172
7196
7198
7221
7223
7225
7250
7252
7604
7610
7772
7820
7844
7846
7982
8006
8008
8306
8420
8474
8543
8546
8548
8569
8572
8630
8654
8708
8710
9170
9176
9230
9332
9338
9386
9410
9412
9464
9466
9959
10115
10169
10655
10817
10895
10897
11276
11282
11336
11354
11361
11390
11516
11517
11518
11523
11546
11570
11595
11596
11624
11626
12065
12119
12137
12275
12299
12353
12839
13001
13003
13376
13379
13380
13381
13386
13403
13409
13415
13433
13461
13463
13467
13469
13490
13496
13514
13541
13543
13570
13618
13620
13621
13645
13649
13651
13701
13703
13705
13730
13732
14138
14144
14159
14162
14252
14300
14324
14375
14378
14380
14540
14861
14864
14972
15026
15028
15103
15106
15188
15190
15650
15656
15704
15729
15730
15735
15758
15764
15782
15890
15891
15892
15920
15946
15969
15970
15998
16000
16433
16439
16649
16675
16729
17215
17375
17377
17835
17836
17841
17842
17888
17913
17914
17942
17944
18075
18076
18104
18106
18617
18833
18835
